40 1800 300
vary_m_anime_1 4 190
73 3 29
16 24 294
49 16 85
55 8 102
vary_m_anime_2 3 337
33 17 171
45 22 273
38 11 122
vary_m_anime_3 2 190
44 6 164
37 17 205
vary_m_anime_4 3 152
57 10 206
26 22 180
65 24 292
vary_m_anime_5 5 311
48 26 290
64 12 88
66 13 282
26 3 68
67 29 25
vary_m_anime_6 3 208
62 29 27
77 10 109
30 17 162
vary_m_anime_7 2 161
39 24 71
52 3 94
vary_m_anime_8 5 275
27 9 229
7 2 95
29 25 45
58 14 197
42 14 259
vary_m_anime_9 4 249
12 21 173
9 28 44
23 19 41
76 22 201
vary_m_anime_10 5 155
5 14 106
2 17 200
21 26 220
16 23 70
64 3 168
vary_m_anime_11 3 193
2 28 133
76 25 116
32 24 94
vary_m_anime_12 2 90
71 13 134
67 1 132
vary_m_anime_13 3 314
60 24 115
72 13 215
15 3 66
vary_m_anime_14 5 200
57 1 245
30 26 149
18 24 141
16 28 262
70 15 201
vary_m_anime_15 3 164
7 26 167
77 6 46
13 12 126
vary_m_anime_16 5 251
53 29 249
61 19 185
40 1 230
56 6 157
33 19 246
vary_m_anime_17 5 311
78 14 171
44 20 128
27 6 235
57 24 240
50 1 70
vary_m_anime_18 4 83
7 7 92
64 20 236
64 12 115
29 14 206
vary_m_anime_19 5 296
79 24 80
76 5 186
45 21 28
50 25 272
56 18 237
vary_m_anime_20 2 207
4 8 211
38 24 277
vary_m_anime_21 5 142
49 8 16
67 10 203
41 24 91
36 24 91
9 13 215
vary_m_anime_22 4 244
56 11 109
22 27 12
20 13 251
11 11 27
vary_m_anime_23 4 303
5 17 38
12 16 37
73 1 201
1 7 236
vary_m_anime_24 5 392
61 14 257
71 9 133
13 19 44
21 29 82
76 14 214
vary_m_anime_25 4 86
3 9 53
46 24 9
9 18 9
5 7 135
vary_m_anime_26 4 262
45 1 29
27 21 83
34 10 290
48 30 4
vary_m_anime_27 2 251
63 26 59
80 2 7
vary_m_anime_28 4 270
35 22 224
68 24 77
15 16 160
37 25 53
vary_m_anime_29 5 143
78 21 90
47 4 135
31 10 43
67 9 181
28 23 165
vary_m_anime_30 2 217
56 12 32
37 16 52
vary_m_anime_31 2 181
32 19 79
68 23 211
vary_m_anime_32 4 286
59 13 251
14 18 83
13 5 32
11 28 235
vary_m_anime_33 3 146
56 2 177
2 2 131
67 28 166
vary_m_anime_34 4 231
78 23 57
34 7 106
74 27 152
27 25 34
vary_m_anime_35 3 171
57 11 51
41 20 14
29 21 54
vary_m_anime_36 4 118
3 8 241
51 28 227
19 11 88
28 21 189
vary_m_anime_37 3 297
56 3 79
51 30 288
19 21 139
vary_m_anime_38 4 324
18 28 133
71 13 13
52 3 289
66 8 152
vary_m_anime_39 2 240
12 21 143
22 21 176
vary_m_anime_40 4 110
47 26 287
64 24 96
43 5 201
35 2 120
