40 1500 100
vary_e_anime_1 4 176
71 10 283
2 16 65
76 29 197
32 26 65
vary_e_anime_2 2 301
23 21 154
46 26 167
vary_e_anime_3 4 183
46 11 194
51 10 75
79 2 122
34 7 257
vary_e_anime_4 5 238
8 23 254
56 11 197
40 27 132
19 26 188
77 6 124
vary_e_anime_5 2 137
76 6 36
61 12 19
vary_e_anime_6 3 151
22 11 131
70 19 17
21 1 160
vary_e_anime_7 2 51
27 7 249
6 15 217
vary_e_anime_8 4 273
35 19 139
5 19 112
68 30 208
23 8 115
vary_e_anime_9 4 180
24 3 86
17 23 202
78 5 84
7 3 225
vary_e_anime_10 4 288
20 8 85
35 29 267
21 1 132
51 26 28
vary_e_anime_11 4 101
69 17 89
34 21 103
7 8 45
62 18 82
vary_e_anime_12 4 223
69 4 269
20 11 190
50 5 272
66 10 162
vary_e_anime_13 5 198
30 28 13
25 29 227
44 23 139
44 13 80
71 11 178
vary_e_anime_14 3 362
64 8 298
25 11 154
3 9 11
vary_e_anime_15 4 162
65 27 214
23 17 89
12 10 101
44 6 274
vary_e_anime_16 5 260
10 10 146
19 19 100
26 5 149
11 8 43
54 18 190
vary_e_anime_17 4 247
30 12 231
21 16 133
32 26 12
73 1 151
vary_e_anime_18 2 158
71 6 165
77 17 118
vary_e_anime_19 4 162
31 14 176
14 6 60
7 9 23
58 7 30
vary_e_anime_20 5 118
10 3 266
38 3 227
80 27 299
2 12 72
4 7 123
vary_e_anime_21 4 293
4 18 26
34 6 102
23 6 187
28 17 173
vary_e_anime_22 5 405
12 21 12
30 6 32
17 27 33
7 3 213
1 24 186
vary_e_anime_23 3 241
4 28 189
32 16 171
73 18 194
vary_e_anime_24 5 231
67 2 46
53 8 132
13 1 257
46 30 181
73 13 195
vary_e_anime_25 3 325
32 16 226
40 18 105
31 30 18
vary_e_anime_26 3 377
37 26 142
5 5 207
17 24 210
vary_e_anime_27 3 134
28 28 260
4 28 20
34 16 9
vary_e_anime_28 2 275
18 29 224
46 30 166
vary_e_anime_29 2 154
64 4 242
71 15 9
vary_e_anime_30 5 306
71 7 43
68 21 278
77 25 10
43 26 44
46 20 43
vary_e_anime_31 5 235
43 16 134
75 11 2
44 4 210
31 28 193
1 30 52
vary_e_anime_32 5 298
69 25 47
66 9 292
4 9 249
52 23 246
78 24 3
vary_e_anime_33 3 171
37 10 261
32 2 21
20 30 27
vary_e_anime_34 4 284
5 19 47
75 10 83
68 22 158
79 4 167
vary_e_anime_35 5 282
24 6 69
7 16 267
44 2 270
58 11 209
21 15 145
vary_e_anime_36 5 119
13 25 298
36 23 175
80 1 174
11 17 285
54 23 163
vary_e_anime_37 5 263
71 6 133
58 24 124
17 18 69
23 10 295
63 14 177
vary_e_anime_38 4 198
66 28 46
79 1 249
5 21 183
11 23 268
vary_e_anime_39 3 137
30 1 98
51 10 76
19 19 40
vary_e_anime_40 2 105
42 11 240
5 10 169
