200 1200 220
vary_n_anime_1 3 79
57 25 25
75 20 26
61 25 152
vary_n_anime_2 2 21
70 29 16
50 5 35
vary_n_anime_3 1 76
7 13 34
vary_n_anime_4 2 215
25 26 21
55 6 200
vary_n_anime_5 3 163
46 13 48
67 26 83
59 19 106
vary_n_anime_6 4 158
53 22 75
34 6 22
10 4 180
28 23 125
vary_n_anime_7 1 199
65 29 126
vary_n_anime_8 4 160
1 10 105
11 28 9
17 17 111
20 8 105
vary_n_anime_9 3 276
17 19 195
21 20 124
3 18 164
vary_n_anime_10 1 88
35 30 16
vary_n_anime_11 2 97
35 22 139
66 26 6
vary_n_anime_12 3 109
13 3 41
8 24 56
70 16 194
vary_n_anime_13 2 19
5 19 79
64 29 74
vary_n_anime_14 3 96
60 7 11
10 12 13
23 16 163
vary_n_anime_15 1 102
1 8 55
vary_n_anime_16 3 114
18 28 197
21 30 123
71 22 100
vary_n_anime_17 3 7
15 9 196
52 24 164
75 6 77
vary_n_anime_18 4 109
34 21 150
28 1 197
42 18 131
51 10 8
vary_n_anime_19 4 181
17 14 20
80 19 143
37 22 75
41 7 196
vary_n_anime_20 1 196
41 22 197
vary_n_anime_21 3 91
7 21 130
70 24 36
42 2 72
vary_n_anime_22 1 111
29 5 122
vary_n_anime_23 4 174
76 6 96
76 27 3
18 4 84
22 24 123
vary_n_anime_24 4 150
24 22 155
31 27 33
80 15 109
27 15 95
vary_n_anime_25 1 73
71 20 104
vary_n_anime_26 1 55
76 7 24
vary_n_anime_27 2 220
25 12 162
50 7 8
vary_n_anime_28 1 32
6 9 176
vary_n_anime_29 2 176
62 6 127
46 14 23
vary_n_anime_30 3 83
15 8 13
46 21 107
46 15 164
vary_n_anime_31 1 6
23 23 157
vary_n_anime_32 3 242
49 24 136
78 18 197
60 10 57
vary_n_anime_33 1 137
40 12 59
vary_n_anime_34 3 27
34 15 49
67 4 81
24 11 50
vary_n_anime_35 4 87
40 27 10
75 6 35
52 12 134
52 5 110
vary_n_anime_36 4 213
69 5 140
26 27 126
28 13 60
16 5 147
vary_n_anime_37 1 81
64 9 49
vary_n_anime_38 1 184
47 29 141
vary_n_anime_39 4 231
57 20 131
39 10 23
33 16 3
28 13 197
vary_n_anime_40 2 31
73 12 191
64 16 170
vary_n_anime_41 4 62
35 14 74
76 16 87
52 13 188
46 30 123
vary_n_anime_42 2 78
19 25 8
5 17 1
vary_n_anime_43 3 217
6 10 159
28 3 199
66 25 3
vary_n_anime_44 1 52
5 11 112
vary_n_anime_45 1 202
47 23 89
vary_n_anime_46 3 140
18 14 173
77 21 128
9 28 104
vary_n_anime_47 1 156
34 24 143
vary_n_anime_48 4 152
28 12 185
48 11 55
53 28 69
57 10 125
vary_n_anime_49 1 105
70 23 104
vary_n_anime_50 4 256
7 29 94
2 17 101
80 24 152
50 5 124
vary_n_anime_51 2 71
19 20 86
15 29 140
vary_n_anime_52 1 67
28 30 171
vary_n_anime_53 2 239
14 2 144
66 8 178
vary_n_anime_54 4 55
77 22 169
46 26 104
9 12 100
65 13 123
vary_n_anime_55 4 133
15 30 115
42 9 124
53 1 199
25 2 82
vary_n_anime_56 1 55
69 19 153
vary_n_anime_57 1 18
70 16 50
vary_n_anime_58 3 123
15 1 63
12 26 4
15 17 35
vary_n_anime_59 4 195
73 6 118
28 26 77
22 18 46
25 3 25
vary_n_anime_60 3 31
62 5 52
39 11 137
13 27 50
vary_n_anime_61 4 218
49 4 110
63 26 49
2 20 156
11 12 120
vary_n_anime_62 3 77
77 8 24
37 29 125
7 8 56
vary_n_anime_63 1 93
52 28 113
vary_n_anime_64 3 91
11 11 4
21 30 110
60 22 112
vary_n_anime_65 4 66
62 3 58
67 16 87
30 18 55
12 24 173
vary_n_anime_66 4 158
72 24 45
47 22 40
54 5 150
66 25 61
vary_n_anime_67 3 52
52 29 48
27 30 189
25 2 118
vary_n_anime_68 4 133
12 22 191
23 27 20
59 26 185
37 7 172
vary_n_anime_69 4 81
41 2 188
7 12 168
75 29 183
60 29 199
vary_n_anime_70 3 85
52 12 122
80 23 91
79 23 49
vary_n_anime_71 4 231
67 16 64
55 30 88
45 21 75
70 12 136
vary_n_anime_72 3 115
57 22 22
25 20 68
46 3 1
vary_n_anime_73 1 36
42 7 76
vary_n_anime_74 2 150
18 11 106
36 25 150
vary_n_anime_75 1 117
64 29 19
vary_n_anime_76 3 61
55 20 169
34 15 42
58 14 111
vary_n_anime_77 4 83
5 23 145
30 17 183
30 14 34
9 2 130
vary_n_anime_78 4 184
44 9 162
71 11 43
48 7 132
79 19 151
vary_n_anime_79 3 206
69 18 98
67 7 25
16 29 88
vary_n_anime_80 3 70
43 22 40
7 30 4
32 27 71
vary_n_anime_81 1 34
40 7 23
vary_n_anime_82 3 77
44 14 128
37 21 152
67 12 85
vary_n_anime_83 2 166
3 24 141
80 22 19
vary_n_anime_84 1 81
24 26 10
vary_n_anime_85 3 115
8 1 71
44 25 83
49 12 101
vary_n_anime_86 4 209
64 28 89
40 16 19
49 10 77
50 18 186
vary_n_anime_87 4 184
77 20 194
27 5 46
30 26 145
27 20 25
vary_n_anime_88 1 200
71 10 183
vary_n_anime_89 1 61
73 9 116
vary_n_anime_90 4 311
69 24 98
50 6 194
73 5 164
51 5 95
vary_n_anime_91 1 86
55 25 78
vary_n_anime_92 4 122
33 2 31
13 19 46
8 1 44
27 23 97
vary_n_anime_93 2 146
25 20 134
37 29 186
vary_n_anime_94 1 144
15 16 115
vary_n_anime_95 4 234
55 5 124
62 7 146
79 17 78
78 23 199
vary_n_anime_96 4 103
26 11 153
9 25 101
61 29 131
21 1 147
vary_n_anime_97 2 218
77 1 109
35 20 7
vary_n_anime_98 4 184
2 12 182
65 6 19
35 27 175
20 23 191
vary_n_anime_99 1 110
74 18 34
vary_n_anime_100 2 183
13 8 193
24 28 116
vary_n_anime_101 1 62
7 15 156
vary_n_anime_102 1 49
30 5 110
vary_n_anime_103 4 256
56 4 20
67 24 178
16 23 198
4 22 151
vary_n_anime_104 1 118
72 3 109
vary_n_anime_105 1 64
19 10 126
vary_n_anime_106 2 159
44 5 155
57 30 93
vary_n_anime_107 2 219
7 12 174
30 24 14
vary_n_anime_108 2 74
19 2 151
77 19 43
vary_n_anime_109 2 139
18 13 150
46 14 130
vary_n_anime_110 3 173
70 30 59
22 19 75
49 20 11
vary_n_anime_111 3 248
75 6 197
48 25 175
18 21 144
vary_n_anime_112 2 162
24 5 189
51 11 114
vary_n_anime_113 4 207
44 6 198
73 14 191
18 17 58
20 4 168
vary_n_anime_114 2 80
3 19 118
78 16 96
vary_n_anime_115 4 216
57 17 137
46 25 151
60 10 151
69 24 43
vary_n_anime_116 2 185
46 21 27
71 3 113
vary_n_anime_117 4 48
74 4 97
43 21 27
67 6 14
19 24 140
vary_n_anime_118 1 238
16 11 193
vary_n_anime_119 4 68
16 6 122
65 18 53
30 20 103
4 3 90
vary_n_anime_120 4 179
11 25 49
27 20 147
22 17 71
30 9 6
vary_n_anime_121 4 148
14 26 119
49 22 21
60 5 33
79 2 138
vary_n_anime_122 2 90
62 20 156
4 28 79
vary_n_anime_123 3 203
57 5 89
52 13 124
47 6 30
vary_n_anime_124 1 37
46 10 54
vary_n_anime_125 3 28
66 23 27
2 20 32
58 26 146
vary_n_anime_126 2 143
3 19 86
64 7 61
vary_n_anime_127 2 108
72 1 45
52 13 191
vary_n_anime_128 4 41
44 3 43
37 17 124
36 2 12
3 21 4
vary_n_anime_129 3 158
20 11 92
34 2 83
63 18 140
vary_n_anime_130 3 128
35 17 60
72 3 1
78 6 28
vary_n_anime_131 3 189
74 17 95
13 19 52
38 22 67
vary_n_anime_132 2 136
57 6 15
2 14 25
vary_n_anime_133 2 36
41 9 78
32 15 67
vary_n_anime_134 3 86
70 12 71
30 22 169
22 1 154
vary_n_anime_135 1 75
50 28 142
vary_n_anime_136 4 195
37 18 83
29 23 6
75 9 154
68 10 79
vary_n_anime_137 4 29
26 14 94
16 19 19
27 30 124
10 3 5
vary_n_anime_138 2 87
64 27 147
48 8 31
vary_n_anime_139 4 215
76 15 43
61 13 117
3 24 106
34 17 169
vary_n_anime_140 4 167
41 9 147
55 9 66
2 14 3
69 15 152
vary_n_anime_141 2 43
25 2 71
72 23 86
vary_n_anime_142 4 168
57 25 117
1 4 168
63 7 55
25 16 8
vary_n_anime_143 1 176
18 17 5
vary_n_anime_144 4 222
38 3 64
9 24 30
62 21 132
73 4 35
vary_n_anime_145 3 129
29 21 30
33 15 111
33 4 89
vary_n_anime_146 1 97
31 11 96
vary_n_anime_147 4 167
13 14 130
67 3 114
10 20 129
73 12 187
vary_n_anime_148 3 120
37 29 148
71 7 178
47 9 36
vary_n_anime_149 2 176
29 23 114
28 21 101
vary_n_anime_150 3 125
25 22 159
78 8 134
72 25 35
vary_n_anime_151 1 159
58 21 68
vary_n_anime_152 4 207
15 23 65
56 3 83
65 8 6
22 2 192
vary_n_anime_153 2 98
38 14 148
66 14 45
vary_n_anime_154 2 221
50 24 158
32 18 133
vary_n_anime_155 1 85
59 21 42
vary_n_anime_156 4 161
23 23 43
56 21 87
8 15 59
69 13 156
vary_n_anime_157 4 35
66 8 28
3 10 79
14 23 58
7 9 136
vary_n_anime_158 2 48
73 6 77
68 30 21
vary_n_anime_159 2 52
3 13 69
45 2 38
vary_n_anime_160 3 195
42 24 31
56 1 184
44 11 19
vary_n_anime_161 3 100
68 13 90
44 29 18
24 22 64
vary_n_anime_162 2 40
45 22 134
49 19 124
vary_n_anime_163 2 213
61 24 154
7 4 129
vary_n_anime_164 2 176
71 8 153
28 2 181
vary_n_anime_165 4 76
36 13 113
63 29 61
71 12 118
15 6 31
vary_n_anime_166 2 131
8 17 78
3 9 90
vary_n_anime_167 1 106
32 22 138
vary_n_anime_168 4 235
44 16 19
24 5 24
74 10 139
13 1 138
vary_n_anime_169 4 145
65 1 160
22 11 84
24 24 78
1 21 18
vary_n_anime_170 1 5
41 25 29
vary_n_anime_171 1 184
36 19 175
vary_n_anime_172 4 102
7 5 197
21 29 132
24 14 28
2 26 108
vary_n_anime_173 4 233
23 18 75
50 23 162
80 30 149
77 2 5
vary_n_anime_174 3 213
76 17 15
40 16 32
65 29 146
vary_n_anime_175 3 76
56 7 92
53 7 44
65 8 118
vary_n_anime_176 3 63
37 21 145
8 1 114
78 26 78
vary_n_anime_177 4 93
32 26 91
80 3 40
63 11 123
51 6 160
vary_n_anime_178 3 107
59 1 118
31 14 21
50 25 16
vary_n_anime_179 2 248
73 4 171
41 24 145
vary_n_anime_180 1 106
33 25 148
vary_n_anime_181 1 96
11 22 153
vary_n_anime_182 2 84
45 19 105
72 1 187
vary_n_anime_183 2 123
72 23 12
2 16 190
vary_n_anime_184 3 68
53 20 48
1 29 150
48 18 125
vary_n_anime_185 3 217
5 9 141
29 13 161
71 21 116
vary_n_anime_186 3 231
27 2 76
75 28 122
71 13 13
vary_n_anime_187 1 197
15 13 39
vary_n_anime_188 1 177
67 16 169
vary_n_anime_189 1 105
1 19 146
vary_n_anime_190 4 180
78 30 137
26 7 89
62 18 138
24 13 159
vary_n_anime_191 1 125
55 28 39
vary_n_anime_192 3 247
36 19 147
69 2 184
51 27 64
vary_n_anime_193 4 120
21 3 44
6 9 194
56 11 127
24 3 137
vary_n_anime_194 2 174
9 26 14
22 3 52
vary_n_anime_195 1 125
11 5 27
vary_n_anime_196 1 127
49 17 197
vary_n_anime_197 4 132
47 2 9
24 18 138
3 15 88
28 1 6
vary_n_anime_198 2 124
40 12 153
44 28 87
vary_n_anime_199 2 16
46 8 13
22 8 165
vary_n_anime_200 2 110
54 17 152
27 24 57
