40 1500 200
vary_e_anime_1 2 293
58 29 139
10 15 124
vary_e_anime_2 4 406
20 9 267
17 16 137
44 29 187
6 2 166
vary_e_anime_3 3 214
66 28 158
40 11 17
30 17 10
vary_e_anime_4 5 19
40 12 130
9 24 20
79 5 271
48 7 175
48 3 105
vary_e_anime_5 5 189
54 4 254
24 9 152
49 10 264
54 11 214
49 5 205
vary_e_anime_6 2 315
16 18 118
30 9 228
vary_e_anime_7 4 73
60 20 71
16 2 269
26 28 168
66 20 235
vary_e_anime_8 4 272
43 21 217
73 11 224
8 21 223
16 24 56
vary_e_anime_9 3 169
24 2 27
7 26 42
75 5 255
vary_e_anime_10 2 174
38 8 168
47 8 255
vary_e_anime_11 3 135
69 24 249
37 6 219
48 22 60
vary_e_anime_12 2 319
74 5 75
10 17 235
vary_e_anime_13 4 162
54 28 163
52 2 10
47 17 225
2 1 105
vary_e_anime_14 4 221
14 27 32
38 28 247
70 15 151
61 15 16
vary_e_anime_15 3 227
31 17 162
15 25 86
49 12 279
vary_e_anime_16 4 132
18 2 55
43 1 183
79 19 178
28 11 214
vary_e_anime_17 2 174
72 22 118
12 24 17
vary_e_anime_18 4 239
55 21 111
57 19 74
31 29 208
27 1 160
vary_e_anime_19 5 329
59 18 31
9 15 283
18 27 130
48 29 41
46 4 171
vary_e_anime_20 4 335
26 8 61
24 23 31
44 30 150
75 11 171
vary_e_anime_21 3 261
25 23 288
40 28 23
7 29 62
vary_e_anime_22 3 264
59 22 63
72 8 50
22 26 215
vary_e_anime_23 5 256
37 17 253
44 1 199
31 10 102
64 9 34
46 26 252
vary_e_anime_24 2 85
15 8 150
79 7 114
vary_e_anime_25 2 185
46 11 68
6 28 247
vary_e_anime_26 4 291
54 7 100
1 16 38
39 1 32
27 26 99
vary_e_anime_27 3 174
55 9 113
72 14 200
52 28 70
vary_e_anime_28 2 177
47 7 77
26 8 66
vary_e_anime_29 3 55
50 8 44
11 30 129
64 27 168
vary_e_anime_30 4 275
21 8 204
48 29 33
35 15 151
27 28 243
vary_e_anime_31 5 200
57 21 113
7 25 217
46 10 17
63 13 118
45 30 266
vary_e_anime_32 5 405
2 14 272
74 11 271
21 25 122
59 9 300
18 23 247
vary_e_anime_33 2 71
24 24 76
74 2 262
vary_e_anime_34 5 339
28 11 13
31 11 78
56 2 87
27 16 71
7 30 175
vary_e_anime_35 4 296
10 25 72
13 3 65
3 26 270
25 8 227
vary_e_anime_36 5 104
18 24 28
20 15 115
33 11 186
47 17 9
42 11 156
vary_e_anime_37 2 265
78 12 167
47 7 144
vary_e_anime_38 4 102
35 1 150
59 23 55
52 26 236
33 22 4
vary_e_anime_39 5 185
6 21 58
42 15 98
51 23 17
2 2 89
67 22 17
vary_e_anime_40 4 236
76 8 102
19 14 157
73 19 300
38 25 57
