40 1500 300
vary_e_anime_1 3 92
19 10 151
58 23 199
70 3 104
vary_e_anime_2 4 245
65 18 12
24 10 222
51 12 14
17 5 145
vary_e_anime_3 5 425
28 10 189
49 6 278
45 27 4
26 12 188
47 13 92
vary_e_anime_4 2 242
57 5 73
41 9 95
vary_e_anime_5 3 284
46 15 168
64 25 70
9 20 88
vary_e_anime_6 2 260
29 27 35
3 23 278
vary_e_anime_7 3 65
14 21 119
52 21 27
16 23 28
vary_e_anime_8 3 288
52 25 103
10 7 43
32 13 55
vary_e_anime_9 4 68
60 24 34
48 21 227
64 9 70
7 10 83
vary_e_anime_10 3 303
8 23 52
36 18 286
48 12 82
vary_e_anime_11 2 238
66 3 58
66 15 139
vary_e_anime_12 5 243
62 30 90
9 14 158
5 27 255
72 13 141
25 13 104
vary_e_anime_13 4 142
70 5 246
17 26 72
30 21 198
6 30 45
vary_e_anime_14 5 365
48 10 213
24 30 275
27 4 33
40 8 124
63 28 279
vary_e_anime_15 2 109
62 20 138
26 1 103
vary_e_anime_16 2 359
77 5 172
6 25 149
vary_e_anime_17 3 123
27 4 180
66 5 44
11 14 92
vary_e_anime_18 4 327
42 20 229
80 1 187
5 18 205
26 10 38
vary_e_anime_19 2 277
64 13 231
62 2 129
vary_e_anime_20 3 297
65 19 214
18 8 9
24 8 177
vary_e_anime_21 2 174
61 19 43
45 12 243
vary_e_anime_22 2 222
11 19 114
48 18 208
vary_e_anime_23 4 222
77 22 21
80 26 70
30 27 281
53 13 97
vary_e_anime_24 3 244
80 14 220
18 21 131
8 10 60
vary_e_anime_25 3 211
61 2 182
30 24 5
39 3 272
vary_e_anime_26 5 209
40 10 120
52 3 169
18 2 102
47 4 299
77 9 149
vary_e_anime_27 4 391
13 30 247
74 5 41
63 1 166
80 19 227
vary_e_anime_28 3 350
1 30 210
49 17 1
40 22 4
vary_e_anime_29 3 249
2 17 165
28 1 176
42 15 148
vary_e_anime_30 2 96
51 5 92
47 15 252
vary_e_anime_31 3 147
11 30 192
52 23 11
57 15 171
vary_e_anime_32 2 144
10 6 259
61 30 246
vary_e_anime_33 2 135
14 18 146
12 14 271
vary_e_anime_34 4 39
6 1 233
66 29 119
5 30 81
4 2 171
vary_e_anime_35 3 334
34 11 261
69 28 202
71 3 152
vary_e_anime_36 2 269
49 23 94
21 16 84
vary_e_anime_37 5 142
61 24 59
71 15 157
43 29 241
25 24 127
35 7 232
vary_e_anime_38 2 53
21 8 117
25 27 6
vary_e_anime_39 2 127
5 10 130
39 19 34
vary_e_anime_40 2 231
66 6 181
40 28 200
