40 1200 300
vary_m_anime_1 2 136
49 27 53
65 29 189
vary_m_anime_2 5 309
3 9 108
9 6 83
20 29 203
78 10 66
57 17 269
vary_m_anime_3 4 287
60 30 240
15 24 155
75 29 39
66 15 256
vary_m_anime_4 2 46
75 7 124
57 2 189
vary_m_anime_5 2 197
42 8 74
55 9 12
vary_m_anime_6 2 216
16 26 44
1 10 183
vary_m_anime_7 2 286
5 21 95
35 8 246
vary_m_anime_8 3 143
73 8 212
73 18 20
69 4 298
vary_m_anime_9 4 378
5 14 82
31 26 221
61 26 93
33 10 128
vary_m_anime_10 5 301
28 22 84
36 24 73
59 8 191
40 15 142
45 11 246
vary_m_anime_11 4 242
29 14 23
9 11 166
34 26 29
79 11 224
vary_m_anime_12 5 304
51 12 26
67 18 66
39 9 70
27 16 262
67 23 193
vary_m_anime_13 5 282
21 2 79
58 11 32
38 8 228
59 2 68
56 18 61
vary_m_anime_14 3 198
43 17 56
74 12 28
33 30 180
vary_m_anime_15 3 217
24 3 82
20 29 192
23 22 54
vary_m_anime_16 4 173
37 17 26
77 23 154
22 22 223
5 7 30
vary_m_anime_17 4 145
23 20 280
15 4 235
68 15 89
30 30 62
vary_m_anime_18 2 181
60 27 169
52 23 92
vary_m_anime_19 5 312
28 22 164
79 29 290
1 12 36
57 13 238
71 4 281
vary_m_anime_20 2 262
50 12 250
67 2 66
vary_m_anime_21 2 84
46 16 1
6 30 236
vary_m_anime_22 4 208
67 3 214
25 25 68
2 29 233
71 13 161
vary_m_anime_23 2 143
63 29 85
52 9 210
vary_m_anime_24 3 102
16 4 86
27 25 172
11 5 211
vary_m_anime_25 5 284
36 27 156
68 29 202
34 16 110
31 1 137
11 15 115
vary_m_anime_26 5 187
37 30 2
78 13 86
75 13 204
75 3 259
6 19 33
vary_m_anime_27 2 263
61 24 48
48 21 109
vary_m_anime_28 3 281
7 8 52
32 24 68
54 29 108
vary_m_anime_29 3 155
38 8 277
60 25 297
57 16 233
vary_m_anime_30 5 106
62 18 36
31 12 292
56 9 262
55 1 204
72 19 275
vary_m_anime_31 4 254
6 1 298
77 21 138
45 15 49
49 23 83
vary_m_anime_32 2 24
9 3 205
54 24 92
vary_m_anime_33 4 258
68 8 144
15 24 216
69 4 263
24 20 193
vary_m_anime_34 3 226
76 28 239
60 16 283
9 25 91
vary_m_anime_35 5 295
62 12 244
5 9 116
45 6 291
56 13 62
76 25 20
vary_m_anime_36 3 229
33 10 110
7 20 148
42 2 62
vary_m_anime_37 2 221
52 26 73
67 7 105
vary_m_anime_38 3 170
45 5 69
79 6 171
66 1 11
vary_m_anime_39 2 255
57 10 177
52 10 285
vary_m_anime_40 4 144
73 30 200
28 12 49
73 23 213
25 3 96
