40 800 300
vary_m_anime_1 4 265
44 17 263
3 11 121
57 17 46
72 3 135
vary_m_anime_2 2 145
22 29 136
65 1 148
vary_m_anime_3 3 261
51 8 244
24 10 76
37 1 67
vary_m_anime_4 2 148
61 11 300
28 21 220
vary_m_anime_5 2 245
17 17 91
33 13 298
vary_m_anime_6 3 295
45 21 241
69 9 143
43 6 121
vary_m_anime_7 4 327
19 14 198
59 4 61
77 3 73
60 28 218
vary_m_anime_8 2 85
13 3 64
43 28 258
vary_m_anime_9 3 183
47 24 267
38 9 114
19 2 17
vary_m_anime_10 3 295
10 19 268
59 14 48
53 21 212
vary_m_anime_11 2 231
19 1 209
5 30 13
vary_m_anime_12 4 175
31 30 219
75 1 189
70 6 260
32 10 292
vary_m_anime_13 2 285
49 28 206
59 8 292
vary_m_anime_14 2 135
58 12 229
14 22 231
vary_m_anime_15 2 187
36 7 245
61 27 32
vary_m_anime_16 5 226
45 21 237
15 13 107
41 24 67
25 10 154
6 30 158
vary_m_anime_17 5 50
27 4 227
67 26 263
70 26 134
61 15 134
10 23 6
vary_m_anime_18 4 293
76 8 158
62 10 260
22 9 30
22 2 177
vary_m_anime_19 5 223
65 2 86
1 20 146
46 2 51
34 10 13
50 18 30
vary_m_anime_20 2 153
32 12 118
22 17 219
vary_m_anime_21 4 227
76 9 279
49 3 150
42 12 257
10 16 86
vary_m_anime_22 2 153
64 7 57
41 23 121
vary_m_anime_23 2 28
64 27 100
49 20 290
vary_m_anime_24 2 216
17 12 88
16 21 134
vary_m_anime_25 3 126
40 18 115
79 12 238
80 13 24
vary_m_anime_26 3 332
59 5 173
11 5 188
20 14 203
vary_m_anime_27 5 221
12 5 229
55 2 233
15 5 126
30 30 38
79 4 54
vary_m_anime_28 2 280
51 8 177
11 21 48
vary_m_anime_29 2 31
13 8 5
70 15 226
vary_m_anime_30 3 322
51 9 271
20 1 173
49 14 267
vary_m_anime_31 4 477
5 27 234
41 14 237
68 28 261
21 28 161
vary_m_anime_32 3 243
51 24 187
22 30 158
37 19 9
vary_m_anime_33 5 205
17 30 167
72 30 104
47 23 21
43 19 204
50 18 210
vary_m_anime_34 2 253
54 21 59
66 22 132
vary_m_anime_35 3 167
2 2 63
52 22 97
9 22 135
vary_m_anime_36 4 178
78 15 279
13 29 138
48 21 116
56 28 219
vary_m_anime_37 2 114
46 30 142
35 25 15
vary_m_anime_38 5 212
6 25 250
65 28 117
49 29 130
40 3 239
43 9 32
vary_m_anime_39 3 277
45 8 267
30 15 260
79 8 211
vary_m_anime_40 5 359
65 20 185
76 30 112
39 14 257
67 28 98
78 23 233
