40 1500 250
vary_q_anime_1 9 400
56 1 18
10 19 139
75 29 290
72 30 279
35 24 106
70 16 214
28 26 127
63 8 145
9 18 125
vary_q_anime_2 10 430
50 20 122
29 9 120
58 10 48
22 25 280
29 8 87
63 28 22
62 6 297
2 3 297
62 28 258
4 11 113
vary_q_anime_3 3 349
61 2 250
40 13 258
7 4 67
vary_q_anime_4 3 217
27 24 74
66 4 154
61 1 260
vary_q_anime_5 7 468
11 28 192
20 19 75
19 2 106
30 4 260
30 8 139
38 21 50
46 18 89
vary_q_anime_6 12 390
45 14 296
76 7 128
65 14 223
36 4 234
33 15 149
46 10 266
55 25 57
2 3 45
12 30 35
31 16 177
12 27 268
8 16 275
vary_q_anime_7 1 103
69 23 37
vary_q_anime_8 12 124
49 18 262
52 12 6
49 27 136
72 28 45
34 2 60
36 16 40
25 23 3
64 8 192
28 14 176
4 11 157
57 27 157
9 2 245
vary_q_anime_9 9 219
4 15 81
12 29 13
2 7 285
47 30 187
59 19 142
66 4 169
30 15 237
35 12 185
74 11 139
vary_q_anime_10 6 297
55 7 70
11 19 266
70 26 73
71 12 39
39 24 292
56 22 254
vary_q_anime_11 4 198
29 3 209
20 23 69
54 5 40
54 16 51
vary_q_anime_12 4 191
60 10 20
16 23 248
64 30 121
56 19 34
vary_q_anime_13 11 264
39 29 285
12 23 150
69 10 73
52 8 41
3 26 258
38 5 55
66 29 105
76 8 220
27 19 132
35 7 205
1 20 80
vary_q_anime_14 9 471
21 4 268
31 14 50
2 4 35
35 17 275
57 17 119
65 20 145
56 23 124
4 30 4
74 18 269
vary_q_anime_15 2 291
44 24 116
43 17 242
vary_q_anime_16 1 302
62 2 129
vary_q_anime_17 12 581
22 24 151
28 26 206
29 5 108
45 21 130
41 24 152
7 25 73
59 22 246
33 30 72
17 11 44
32 15 172
74 26 14
72 24 76
vary_q_anime_18 7 263
10 27 74
10 2 284
73 16 181
22 4 278
11 6 52
21 16 289
52 19 298
vary_q_anime_19 7 376
48 25 26
18 14 294
65 22 291
4 22 283
36 18 45
69 25 19
73 10 263
vary_q_anime_20 10 251
11 18 58
54 6 260
71 20 18
51 10 275
18 7 69
1 21 87
80 26 99
13 28 228
69 14 53
38 23 187
vary_q_anime_21 5 233
65 20 118
76 1 116
63 11 31
32 12 209
36 17 134
vary_q_anime_22 10 96
5 2 212
63 28 194
18 20 99
30 25 18
53 2 299
76 27 95
67 10 34
53 7 12
30 30 275
31 11 191
vary_q_anime_23 1 94
40 11 133
vary_q_anime_24 4 196
63 30 201
1 17 81
51 5 68
26 25 229
vary_q_anime_25 5 83
53 2 52
21 15 133
50 5 244
75 2 108
4 2 294
vary_q_anime_26 12 745
67 13 265
42 29 45
40 14 272
50 19 134
7 7 230
45 6 42
13 17 161
7 5 270
69 7 52
71 1 90
28 11 236
22 27 225
vary_q_anime_27 3 76
14 17 181
30 11 111
79 24 27
vary_q_anime_28 12 512
80 23 10
64 1 92
55 4 223
48 30 222
32 21 161
19 19 159
26 16 92
37 26 164
49 3 244
30 11 267
74 27 14
47 4 74
vary_q_anime_29 7 279
13 24 107
5 9 203
8 11 208
39 21 161
26 6 94
77 11 153
19 30 294
vary_q_anime_30 2 163
38 7 239
34 27 281
vary_q_anime_31 5 164
38 4 72
69 23 26
66 20 262
19 23 16
11 18 269
vary_q_anime_32 4 234
68 26 15
59 1 194
37 21 256
60 25 255
vary_q_anime_33 10 277
53 19 86
12 11 67
67 29 189
3 30 216
62 23 284
61 7 120
36 1 83
22 1 133
74 22 9
79 25 106
vary_q_anime_34 12 191
44 3 167
73 20 96
54 22 162
15 18 139
74 26 60
55 7 97
54 13 239
60 18 61
67 13 126
63 1 243
13 13 228
42 20 104
vary_q_anime_35 1 131
36 1 151
vary_q_anime_36 7 101
26 28 82
72 19 202
53 11 140
29 28 76
69 13 294
47 19 216
50 21 34
vary_q_anime_37 9 410
5 15 297
55 9 289
29 3 115
29 16 53
1 7 94
12 1 113
49 20 112
77 21 50
40 8 64
vary_q_anime_38 1 189
7 24 162
vary_q_anime_39 10 180
29 18 22
24 6 108
33 26 61
29 19 52
32 28 103
48 13 239
54 15 107
76 12 184
36 11 76
5 17 236
vary_q_anime_40 10 197
40 16 297
10 7 250
16 24 90
62 29 150
29 5 208
25 25 39
45 12 229
70 13 300
18 23 128
77 23 138
