40 1500 250
vary_q_anime_1 9 420
43 4 61
13 3 72
56 3 243
8 23 5
11 26 24
9 19 194
44 9 228
15 4 239
28 2 91
vary_q_anime_2 6 283
32 13 228
15 6 232
12 17 66
70 25 108
7 13 44
80 16 162
vary_q_anime_3 6 267
24 10 285
19 15 170
65 14 284
7 7 36
56 9 68
61 14 106
vary_q_anime_4 9 52
59 9 280
5 13 171
7 23 9
39 30 136
67 4 74
24 19 38
13 1 139
18 22 121
41 12 52
vary_q_anime_5 5 453
17 20 202
80 4 263
65 14 269
73 7 191
25 22 121
vary_q_anime_6 5 344
43 17 281
47 28 95
67 1 238
52 5 254
46 4 20
vary_q_anime_7 4 96
8 17 127
75 8 190
14 16 20
55 1 204
vary_q_anime_8 10 125
30 28 178
34 24 62
34 17 158
53 25 256
18 8 224
36 9 276
44 26 34
70 15 149
40 5 95
20 4 66
vary_q_anime_9 5 290
28 24 75
66 30 294
79 12 124
65 23 197
43 28 19
vary_q_anime_10 9 418
41 12 143
30 8 20
7 19 120
77 21 96
31 14 249
75 17 12
30 11 107
23 6 90
14 2 214
vary_q_anime_11 5 308
3 21 238
70 2 158
36 8 214
24 1 61
54 28 41
vary_q_anime_12 10 384
6 5 119
65 8 162
68 7 58
10 30 3
45 6 11
65 30 199
60 4 104
22 5 86
38 6 1
4 28 189
vary_q_anime_13 9 339
41 2 76
42 5 179
61 27 213
51 25 285
50 10 22
18 21 45
70 23 129
25 8 98
41 2 110
vary_q_anime_14 1 64
75 30 27
vary_q_anime_15 6 241
65 7 273
69 5 189
36 29 273
10 3 261
1 22 98
56 17 28
vary_q_anime_16 2 84
56 12 226
39 21 119
vary_q_anime_17 7 199
6 2 289
59 7 287
36 17 19
66 14 55
66 11 295
62 17 129
68 7 153
vary_q_anime_18 2 102
62 18 32
56 5 271
vary_q_anime_19 4 313
42 11 251
50 25 34
44 29 208
29 27 243
vary_q_anime_20 3 274
72 8 207
77 7 258
31 21 10
vary_q_anime_21 3 162
70 6 156
40 9 178
50 22 152
vary_q_anime_22 8 189
61 17 31
28 9 145
28 6 84
21 6 259
1 4 202
52 14 6
68 11 23
52 12 108
vary_q_anime_23 1 254
32 24 78
vary_q_anime_24 5 161
5 29 36
62 28 242
55 3 253
10 6 248
69 8 155
vary_q_anime_25 10 186
7 5 200
46 8 137
40 16 187
11 24 131
56 19 167
67 2 36
33 10 264
15 16 50
80 24 219
28 3 46
vary_q_anime_26 1 40
67 6 145
vary_q_anime_27 10 178
58 9 76
36 12 238
32 10 193
15 23 286
12 7 76
35 28 122
6 6 299
23 13 232
44 15 206
69 20 282
vary_q_anime_28 10 563
61 13 177
19 16 102
35 23 296
70 26 249
73 3 28
11 19 44
32 18 186
65 15 284
57 7 241
47 25 98
vary_q_anime_29 5 218
13 27 236
63 7 224
75 8 93
77 21 194
65 24 176
vary_q_anime_30 3 316
10 8 85
48 5 219
75 11 76
vary_q_anime_31 9 200
3 6 215
17 4 245
43 3 223
9 28 297
78 28 52
7 10 101
73 9 12
59 16 211
44 19 142
vary_q_anime_32 1 68
27 12 3
vary_q_anime_33 5 309
5 12 287
48 30 3
1 9 243
58 9 209
36 8 300
vary_q_anime_34 2 137
34 23 213
11 6 24
vary_q_anime_35 10 110
2 12 263
26 26 300
20 4 94
61 28 43
57 20 198
23 3 139
24 10 62
66 1 195
43 6 228
40 21 252
vary_q_anime_36 5 237
56 12 13
78 14 90
59 24 82
78 8 237
18 2 5
vary_q_anime_37 10 202
46 20 160
76 21 215
4 14 239
29 3 174
21 12 219
27 7 22
50 25 254
54 15 131
48 13 130
50 1 39
vary_q_anime_38 4 211
64 18 231
75 13 274
22 10 247
14 23 194
vary_q_anime_39 2 169
7 22 210
47 15 127
vary_q_anime_40 7 324
40 18 72
80 20 248
72 9 41
15 24 231
49 18 135
11 1 288
74 27 76
